00000000000000000000000000000000000000000000000000000000000000000000000000000000
00000000000000000000000000000000000000000000000000000000000000000000000000000000
00010000000000000000000100000010000000000000000000100000010000000000000000000100
00011111111111111111111100000011111111111111111111100000011111111111111111111100
00011111111111111111111100000011111111111111111111100000011111111111111111111100
00010000000000000000000100000010000000000010000000100000010000000000110000000100
00000000000000000000000000000000000000000010000000100000000000000111110000000100
00010000000000010000000000000000000000000010000000100000000000111111110000000100
00011111111111110000000000000000000000000010000000100000010111111100010000000100
00011111111111110000000000000000000000000011000001100000011111100000011000001100
00000000000000100000000000000000000000000001111111000000011100000000001111111000
00000000000000110000000000000000000000000000011100000000010000000000000011100000
00011111111111110000000000000000001111000000000000000000000001111000000000000000
00011111111111100000000000000000111111111000000000000000000111111111000000000000
00010000000000000000000000000001100000001100000000000000001100010001100000000000
00011100000110000000000000000010000000000010000000000000010000010000010000000000
00001100011111100000000000000010000000000110000000000000010000010000110000000000
00001000011100100000000000000001100000001100000000000000001000010011100000000000
00010000111000010000000000000000111111111000000000000000000100011111000000000000
00010000111000100000000000000000001111000000000000000000000000000000000000000000
00001111110001110000000000000010000000000000000000100000010000000000010000000000
00000111100000000000000000000011111111111111111111100000011111111111110000000000
00000000000000010000000000000011111111111111111111100000011111111111110000000000
00000111111111111110000011000000000000000010000000000000000000000000100000000000
00001111111111111110000011000000000000011110000000000000000000000000110000000000
00011000000000010000000011100000000011111110000000000000011111111111110000000000
00001000000000000000000000001110111111100000000000000000011111111111100000000000
00010000000000010000000000000000111100000000000000000000010000000000000000000000
00011111111111110011100000000000000011100000000000000000011100000110000000000000
00011111111111110001100000000000000000001110000000000000001100011111100000000000
00000000000000010000000000000000000000000010000000000000001000011100100000000000
00000111111111111110000000000000000000000010000000000000010000111000010000000000
00001111111111111110000000000000111111111111110000000000010000111000100000000000
00011000000000010000000000000001111111111111110000000000001111110001110000000000
00001000000000000000000000000011000000000010000000000000000111100000000000000000
00000000000000010000000000000001000000000000000000000000011100000110000000000000
00001111111111110000000000000000001111000000000000000000001100011111100000000000
00001111111111110000000000000000111111111000000000000000001000011100100000000000
00011000000000000000000000000001100010001100000000000000010000111000010000000000
00001000000000000000000000000010000010000010000000000000010000111000100000000000
00011111111111110000000000000010000010000110000000000000001111110001110000000000
00011111111111110000000000000001000010011100000000000000000111100000000000000000
00010000000000000000000000000000100011111000000000000000000001111000000000000000
00000000000000010000000000000000000000000000000000000000000111111111000000000000
00000111111111111110000000000000001111000000000000000000001100010001100000000000
00001111111111111110000000000000111111111000000000000000010000010000010000000000
00011000000000010000000000000001100000001100000000000000010000010000110000000000
00001000000000000000000000000010000000000010000000000000001000010011100000000000
00000001111000000000000000000010000000000010000000000000000100011111000000000000
00000111111111000000000000000001000000001100000000000000000000000000000000000000
00001100010001100000000000000000100000001000000000000000010000000000000000000100
00010000010000010000000000000010000000000000000000100000011111111111111111111100
00010000010000110000000000000011111111111111111111100000011111111111111111111100
00001000010011100000000000000011111111111111111111100000000011000000000000000000
00000100011111000000000000000000000000000100000000000000001111110011000000000000
00000000000000000000000000000000000000000110000000000000011000011011100000000000
00000000000000000000000000000011111111111110000000000000001000010000010000000000
00000000000000000000000000000011111111111100000000000000001100110001100000000000
00000000000000000000000000000010000000000000000000000000011111111111000000000000
00000000000000000000000000000010000000000010000000000000011000000000000000000000
00000000000000000000000000000011111111111110000000000000000000000000000000000000
00000000000000000000000000000011111111111110000000000000000001111000000000000000
00000000000000000000000000000000000000000100000000000000000111111111000000000000
00000000000000000000000000000000000000000110000000000000001100010001100000000000
00000000000000000000000000000011111111111110000000000000010000010000010000000000
00000000000000000000000000000011111111111100000000000000010000010000110000000000
00000000000000000000000000000010000000000000000000000000001000010011100000000000
00000000000000000000000000000010000000000010000000000000000100011111000000000000
00000000000000000000000000000011111111111110011100000000000000000000000000000000
00000000000000000000000000000011111111111110001100000000010000000000010000000000
00000000000000000000000000000000001111000000000000000000011111111111110000000000
00000000000000000000000000000000111111111000000000000000011111111111110000000000
00000000000000000000000000000001100000001100000000000000000000000001000000000000
00000000000000000000000000000010000000000010000000000000000000000000100000000000
00000000000000000000000000000010000000000010000000000000000000000111110000000000
00000000000000000000000000000001000000001100000000000000000000000111100000000000
00000000000000000000000000000000100000001000000000000000000000000000000000000000
00000000000000000000000000000000000000000000000000000000000000000000000000000000
00000000000000000000000000000000000000000000000000000000000000000000000000000000
00000000000000000000000000000000000000000000000000000000000000000000000000000000
