0000000100000000000000000001
0000000111111111111111111111
0000000111111111111111111111
0000000100000000000100000001
0000000000000000000100000001
0000000000000000000100000001
0000000000000000000100000001
0000000000000000000110000011
0000000000000000000011111110
0000000000000000000000111000
0000000000011110000000000000
0000000001111111110000000000
0000000011000000011000000000
0000000100000000000100000000
0000000100000000001100000000
0000000011000000011000000000
0000000001111111110000000000
0000000000011110000000000000
0000000100000000000000000001
0000000111111111111111111111
0000000111111111111111111111
0110000000000000000100000000
0110000000000000111100000000
0111000000000111111100000000
0000011101111111000000000000
0000000001111000000000000000
0000000000000111000000000000
0000000000000000011100000000
0000000000000000000100000000
0000000000000000000100000000
0000000001111111111111100000
0000000011111111111111100000
0000000110000000000100000000
0000000010000000000000000000
0000000000011110000000000000
0000000001111111110000000000
0000000011000100011000000000
0000000100000100000100000000
0000000100000100001100000000
0000000010000100111000000000
0000000001000111110000000000
0000000000000000000000000000
0000000000011110000000000000
0000000001111111110000000000
0000000011000000011000000000
0000000100000000000100000000
0000000100000000000100000000
0000000010000000011000000000
0000000001000000010000000000
0000000100000000000000000001
0000000111111111111111111111
0000000111111111111111111111
0000000000000000001000000000
0000000000000000001100000000
0000000111111111111100000000
0000000111111111111000000000
0000000100000000000000000000
0000000100000000000100000000
0000000111111111111100000000
0000000111111111111100000000
0000000000000000001000000000
0000000000000000001100000000
0000000111111111111100000000
0000000111111111111000000000
0000000100000000000000000000
0000000100000000000100000000
0000000111111111111100111000
0000000111111111111100011000
0000000000011110000000000000
0000000001111111110000000000
0000000011000000011000000000
0000000100000000000100000000
0000000100000000000100000000
0000000010000000011000000000
0000000001000000010000000000