0100000000000000000001000000100000000000000000001000000100000000000000000001
0111111111111111111111000000111111111111111111111000000111111111111111111111
0111111111111111111111000000111111111111111111111000000111111111111111111111
0100000000000000000001000000100000000000100000001000000100000000001100000001
0000000000000000000000000000000000000000100000001000000000000001111100000001
0100000000000100000000000000000000000000100000001000000000001111111100000001
0111111111111100000000000000000000000000100000001000000101111111000100000001
0111111111111100000000000000000000000000110000011000000111111000000110000011
0000000000001000000000000000000000000000011111110000000111000000000011111110
0000000000001100000000000000000000000000000111000000000100000000000000111000
0111111111111100000000000000000011110000000000000000000000011110000000000000
0111111111111000000000000000001111111110000000000000000001111111110000000000
0100000000000000000000000000011000000011000000000000000011000100011000000000
0111000001100000000000000000100000000000100000000000000100000100000100000000
0011000111111000000000000000100000000001100000000000000100000100001100000000
0010000111001000000000000000011000000011000000000000000010000100111000000000
0100001110000100000000000000001111111110000000000000000001000111110000000000
0100001110001000000000000000000011110000000000000000000000000000000000000000
0011111100011100000000000000100000000000000000001000000100000000000100000000
0001111000000000000000000000111111111111111111111000000111111111111100000000
0000000000000100000000000000111111111111111111111000000111111111111100000000
0001111111111111100000110000000000000000100000000000000000000000001000000000
0011111111111111100000110000000000000111100000000000000000000000001100000000
0110000000000100000000111000000000111111100000000000000111111111111100000000
0010000000000000000000000011101111111000000000000000000111111111111000000000
0100000000000100000000000000001111000000000000000000000100000000000000000000
0111111111111100111000000000000000111000000000000000000111000001100000000000
0111111111111100011000000000000000000011100000000000000011000111111000000000
0000000000000100000000000000000000000000100000000000000010000111001000000000
0001111111111111100000000000000000000000100000000000000100001110000100000000
0011111111111111100000000000001111111111111100000000000100001110001000000000
0110000000000100000000000000011111111111111100000000000011111100011100000000
0010000000000000000000000000110000000000100000000000000001111000000000000000
0000000000000100000000000000010000000000000000000000000111000001100000000000
0011111111111100000000000000000011110000000000000000000011000111111000000000
0011111111111100000000000000001111111110000000000000000010000111001000000000
0110000000000000000000000000011000100011000000000000000100001110000100000000
0010000000000000000000000000100000100000100000000000000100001110001000000000
0111111111111100000000000000100000100001100000000000000011111100011100000000
0111111111111100000000000000010000100111000000000000000001111000000000000000
0100000000000000000000000000001000111110000000000000000000011110000000000000
0000000000000100000000000000000000000000000000000000000001111111110000000000
0001111111111111100000000000000011110000000000000000000011000100011000000000
0011111111111111100000000000001111111110000000000000000100000100000100000000
0110000000000100000000000000011000000011000000000000000100000100001100000000
0010000000000000000000000000100000000000100000000000000010000100111000000000
0000011110000000000000000000100000000000100000000000000001000111110000000000
0001111111110000000000000000010000000011000000000000000000000000000000000000
0011000100011000000000000000001000000010000000000000000100000000000000000001
0100000100000100000000000000100000000000000000001000000111111111111111111111
0100000100001100000000000000111111111111111111111000000111111111111111111111
0010000100111000000000000000111111111111111111111000000000110000000000000000
0001000111110000000000000000000000000001000000000000000011111100110000000000
0000000000000000000000000000000000000001100000000000000110000110111000000000
0000000000000000000000000000111111111111100000000000000010000100000100000000
0000000000000000000000000000111111111111000000000000000011001100011000000000
0000000000000000000000000000100000000000000000000000000111111111110000000000
0000000000000000000000000000100000000000100000000000000110000000000000000000
0000000000000000000000000000111111111111100000000000000000000000000000000000
0000000000000000000000000000111111111111100000000000000000011110000000000000
0000000000000000000000000000000000000001000000000000000001111111110000000000
0000000000000000000000000000000000000001100000000000000011000100011000000000
0000000000000000000000000000111111111111100000000000000100000100000100000000
0000000000000000000000000000111111111111000000000000000100000100001100000000
0000000000000000000000000000100000000000000000000000000010000100111000000000
0000000000000000000000000000100000000000100000000000000001000111110000000000
0000000000000000000000000000111111111111100111000000000000000000000000000000
0000000000000000000000000000111111111111100011000000000100000000000100000000
0000000000000000000000000000000011110000000000000000000111111111111100000000
0000000000000000000000000000001111111110000000000000000111111111111100000000
0000000000000000000000000000011000000011000000000000000000000000010000000000
0000000000000000000000000000100000000000100000000000000000000000001000000000
0000000000000000000000000000100000000000100000000000000000000001111100000000
0000000000000000000000000000010000000011000000000000000000000001111000000000
0000000000000000000000000000001000000010000000000000000000000000000000000000
